<?xml version="1.0" encoding="UTF-8" standalone="no"?>
<!DOCTYPE svg PUBLIC "-//W3C//DTD SVG 20010904//EN"
              "http://www.w3.org/TR/2001/REC-SVG-20010904/DTD/svg10.dtd">

<svg xmlns="http://www.w3.org/2000/svg"
     width="8.86348in" height="5.20768in"
     viewBox="0 0 851 500">
  <path id="Selection"
        fill="none" stroke="black" stroke-width="1"
        d="M 851.00,0.00
           C 851.00,0.00 851.00,500.00 851.00,500.00
             851.00,500.00 0.00,500.00 0.00,500.00
             0.00,500.00 0.00,350.00 0.00,350.00
             0.00,350.00 73.00,342.16 73.00,342.16
             73.00,342.16 200.00,328.16 200.00,328.16
             200.00,328.16 386.00,307.83 386.00,307.83
             386.00,307.83 512.00,293.83 512.00,293.83
             512.00,293.83 639.00,279.83 639.00,279.83
             639.00,279.83 664.00,277.00 664.00,277.00
             664.00,277.00 664.00,258.00 664.00,258.00
             664.00,258.00 665.00,242.00 665.00,242.00
             665.00,242.00 665.00,207.00 665.00,207.00
             665.00,207.00 666.00,190.00 666.00,190.00
             666.00,190.00 666.00,155.00 666.00,155.00
             666.00,155.00 667.00,138.00 667.00,138.00
             667.00,138.00 667.00,101.00 667.00,101.00
             667.00,101.00 668.00,86.00 668.00,86.00
             668.00,86.00 668.00,51.00 668.00,51.00
             668.00,51.00 669.00,34.00 669.00,34.00
             669.00,34.00 669.00,17.00 669.00,17.00
             669.00,17.00 647.00,17.00 647.00,17.00
             647.00,17.00 631.00,16.00 631.00,16.00
             631.00,16.00 584.00,16.00 584.00,16.00
             584.00,16.00 567.00,15.00 567.00,15.00
             567.00,15.00 518.00,15.00 518.00,15.00
             518.00,15.00 503.00,14.00 503.00,14.00
             503.00,14.00 455.00,14.00 455.00,14.00
             455.00,14.00 439.00,13.00 439.00,13.00
             439.00,13.00 394.00,13.00 394.00,13.00
             394.00,13.00 377.00,12.00 377.00,12.00
             377.00,12.00 332.00,12.00 332.00,12.00
             332.00,12.00 315.00,11.00 315.00,11.00
             315.00,11.00 269.00,11.00 269.00,11.00
             269.00,11.00 252.00,10.00 252.00,10.00
             252.00,10.00 205.00,10.00 205.00,10.00
             205.00,10.00 190.00,9.00 190.00,9.00
             190.00,9.00 143.00,9.00 143.00,9.00
             143.00,9.00 127.00,8.00 127.00,8.00
             127.00,8.00 82.00,8.00 82.00,8.00
             82.00,8.00 67.00,7.00 67.00,7.00
             67.00,7.00 45.00,7.00 45.00,7.00
             45.00,7.00 15.13,214.00 15.13,214.00
             15.13,214.00 5.27,282.00 5.27,282.00
             5.27,282.00 0.00,315.00 0.00,315.00
             0.00,315.00 0.00,0.00 0.00,0.00
             0.00,0.00 851.00,0.00 851.00,0.00 Z" />
</svg>
